Runtimes and Prizes for Instances of size 25
 Id | FPT_Prize | MLIP_Prize | FPT msec. | MLIP msec. |
 0  |   17      |    17      |   10      |   301      |
 1  |   16      |    16      |    6      |   200      |
 2  |   16      |    16      |    8      |  6041      |
 3  |   15      |    15      |    9      |    46      |
 4  |   17      |    17      |   11      |    37      |
 5  |   19      |    19      |   10      |    86      |
 6  |   18      |    18      |   12      |  1063      |
 7  |   17      |    17      |    9      |   231      |
 8  |   15      |    15      |    7      |   328      |
 9  |   18      |    18      |    9      |    29      |
10  |   17      |    17      |   11      |  1146      |
11  |   17      |    17      |   11      |   213      |
12  |   15      |    15      |    6      |   142      |
13  |   17      |    17      |   11      |  2609      |
14  |   16      |    16      |   11      |   242      |
15  |   17      |    17      |    9      |   138      |
16  |   19      |    19      |   11      |   116      |
17  |   17      |    17      |    9      |   185      |
18  |   18      |    18      |    9      |    47      |
19  |   20      |    20      |   10      |    55      |
20  |   14      |    14      |    7      |   268      |
21  |   18      |    18      |   12      |    99      |
22  |   18      |    18      |   10      |   108      |
23  |   16      |    16      |    9      |  3995      |
24  |   15      |    15      |   19      |202717      |
25  |   17      |    17      |   11      |   132      |
26  |   17      |    17      |    9      |   158      |
27  |   19      |    19      |   12      |   191      |
28  |   18      |    18      |   10      |   118      |
29  |   15      |    15      |    7      |   138      |
30  |   19      |    19      |   11      |   460      |
31  |   17      |    17      |   14      |   312      |
32  |   15      |    15      |    7      |   154      |
33  |   15      |    15      |   17      |242377      |
34  |   15      |    15      |    8      |    85      |
35  |   16      |    16      |   12      |  1910      |
36  |   19      |    19      |   11      |   798      |
37  |   17      |    17      |    9      |    47      |
38  |   18      |    18      |   11      |  1101      |
39  |   19      |    19      |   10      |    27      |
40  |   19      |    19      |   10      |   192      |
41  |   18      |    18      |   13      |  3260      |
42  |   15      |    15      |    8      |   465      |
43  |   19      |    19      |   10      |    86      |
44  |   17      |    17      |    9      |   143      |
45  |   18      |    18      |   17      |  5716      |
46  |   17      |    17      |    9      |   140      |
47  |   19      |    19      |   12      |   690      |
48  |   16      |    16      |   11      |  1150      |
49  |   13      |    13      |    7      |  2753      |
